0.0266896486282 -0.041642665863 0 0
15.9184064865 -2.56414222717 0 0
17.3685340881 -0.533440828323 0 0
17.2450332642 4.37591505051 0 0
0.564475417137 7.01568651199 1 0
-13.0859327316 9.31479263306 0 0
-15.4309425354 9.05164146423 0 0
-15.7341022491 6.67474031448 0 0
-16.1114940643 2.27906608582 0 0
-17.2610473633 -4.54613685608 0 0
-0.876394033432 -6.66505622864 0 0
14.3517007828 -9.19870567322 0 0
15.9868564606 -7.97041320801 0 0
16.3251838684 -2.8034389019 0 0
0.631284713745 -0.0687777996063 0 1
