0.257440596819 0.455237686634
46.7671966553 1.48945701122
86.0972061157 2.03092432022
88.7229919434 0.966411948204
89.0308761597 -0.710600912571
89.0690612793 -18.599811554
88.0525894165 -20.4689807892
84.1275558472 -20.2888240814
80.9438552856 -18.2220344543
77.8202056885 -16.2971782684
65.2710113525 -15.9838075638
56.2166824341 -11.7486839294
46.5738639832 -11.3436069489
45.5966949463 -12.5937223434
37.1788825989 -12.4736099243
35.4582023621 -13.4693307877
34.3620185852 -17.6815090179
33.3335380554 -18.6521224976
30.9162826538 -19.7417373657
20.654340744 -19.2973613739
8.99495792389 -19.1095485687
6.90415477753 -20.496137619
5.24460268021 -24.8797302246
-0.635862410069 -28.3047065735
-22.5276889801 -28.2959594727
-35.7843818665 -30.4238624573
-39.627571106 -34.3925552368
-49.5276145935 -36.7597198486
-56.5381164551 -36.8203125
-66.0852355957 -37.1393890381
-133.272125244 -37.3574676514
-144.452194214 -37.9242134094
-222.08581543 -43.3185958862
-225.560714722 -43.3381881714
-226.184707642 -39.1111373901
-229.116271973 -3.39153695107
-231.844 29.200
-232.088 35.597
-227.762 47.745
-232.088 70.229
-234.081 68.992
-248.546 73.484
