0.210547685623 0.607398271561 0 0
32.465045929 -2.0077149868 0 0
81.8035583496 -4.55613327026 0 0
85.9218826294 -5.85800218582 0 0
87.5743331909 -10.0614814758 0 0
88.5613937378 -27.4610538483 0 0
85.8420181274 -29.0331459045 0 0
82.6790618896 -28.2785835266 0 0
76.7289199829 -24.4892177582 0 0
65.7636260986 -23.6214447021 0 0
52.4548950195 -17.6890640259 0 0
47.1152305603 -17.6331672668 0 0
44.6509399414 -19.055316925 0 0
34.3449249268 -18.8806343079 0 0
30.3230953217 -23.9416618347 0 0
19.8107357025 -23.6537296295 0 0
6.11467313766 -22.9384860992 0 0
4.76185560226 -24.7824020386 0 0
2.79298591614 -30.7206306458 0 0
-0.135570526123 -31.5630207062 0 0
-24.735716629 -29.8246192932 1 0
-35.9147987366 -32.094558715 0 0
-39.8603134155 -37.2149353027 0 0
-60.6702583313 -36.2854537964 1 0
-68.9174118042 -36.9360084534 0 0
-137.67286377 -35.105052948 1 0
-143.828720093 -34.4938411713 0 0
-223.904464722 -31.1052799225 0 0
-228.651290894 -28.1083774567 0 0
-231.046661377 -23.4202919006 0 0
-229.023651123 38.9462604523 1 0
-228.142990112 53.4961090088 1 0
-223.724716187 61.375958252 0 0
-223.724716187 66.6417312622 1 0
-223.254608154 87.4686660767 1 0
-224.431594849 88.9370040894 0 0
-226.983581543 89.9477081299 1 0
-249.373718262 89.1505050659 0 0
-257.720245361 97.8126296997 0 0
-260.279571533 138.001953125 0 0
-258.955718994 193.797058105 0 0
-258.861907959 219.561767578 0 0
-273.929229736 250.803970337 0 0
-284.651489258 274.92364502 0 0
-284.607421875 300.137786865 0 0
-292.543823242 309.753234863 0 0
-323.131072998 314.906494141 0 0
-327.624603271 314.162963867 0 0
-359.338378906 307.552062988 0 0
-393.442321777 299.291137695 0 0
-400.852783203 297.340667725 0 0
-438.188171387 299.606201172 0 0
-442.063201904 299.874725342 0 0
-495.500640869 318.938659668 0 0
-501.812896729 320.953430176 0 0
-575.105285645 323.281738281 0 0
-573.73260498 346.229095459 0 0
-576.063659668 348.99420166 0 0
-579.908691406 344.594329834 0 0
-578.128173828 322.657592773 0 0
-574.921630859 286.604217529 0 0
-574.106018066 283.547454834 0 0
-578.918029785 247.704025269 0 0
-579.262756348 243.981277466 0 0
-576.971496582 215.370681763 0 0
-578.955200195 189.915252686 0 0
-577.442138672 185.984451294 0 0
-568.998046875 174.839553833 0 0
-518.482910156 171.799591064 0 0
-428.501525879 169.351867676 0 0
-420.301147461 173.269577026 0 0
-415.296386719 178.782653809 0 0
-387.224090576 207.468795776 0 0
-372.994445801 217.010162354 0 0
-342.505615234 229.116043091 0 0
-339.492950439 229.903274536 0 0
-338.92010498 221.965530396 0 0
-333.402313232 208.97428894 0 0
-308.944335938 187.337127686 0 0
-304.740478516 181.691970825 0 0
-302.429779053 171.197235107 0 0
-305.946044922 133.797790527 0 0
-302.617492676 129.375473022 0 0
-280.727355957 120.961151123 0 0
-289.507354736 105.252334595 0 0
-319.871459961 99.4116897583 0 0
-351.293914795 104.74823761 0 0
-364.971313477 122.621131897 0 0
-358.015441895 122.83203125 0 0
-350.453735352 112.246559143 0 0
-344.137115479 106.752212524 0 0
-322.222503662 103.471359253 0 0
-315.773895264 103.574050903 0 0
-285.697875977 111.262557983 0 0
