-0.00467038154602 0.0689296722412
23.122220993 -0.671954274178
85.1115951538 -3.21509981155
87.238494873 -5.12359905243
87.4598236084 -6.47714710236
87.8611450195 -24.3800048828
86.2945098877 -27.0477771759
83.2329330444 -27.1723442078
80.141 -25.302
77.404258728 -22.2231197357
63.6068534851 -22.4845142365
55.0262718201 -17.4538993835
47.0844230652 -16.9295005798
43.9681549072 -18.0194740295
34.1192703247 -18.281047821
31.9107971191 -23.0729732513
30.1312484741 -24.2386703491
18.5168972015 -24.102230072
7.29909896851 -23.5412521362
3.65695238113 -28.579996109
-0.982713222504 -31.5432472229
-25.746 -30.276
