0.142135620117 0.0585708618164
11.4241132736 -0.460397720337
29.3611240387 -0.741790771484
43.1568832397 -1.6126499176
64.7567672729 -1.68702697754
82.0071487427 -2.60961723328
85.5422973633 -4.19289779663
85.6138153076 -23.4713668823
84.1764373779 -24.685092926
80.6389899902 -25.0381748657
76.4949798584 -21.896440506
63.2404632568 -21.5741252899
60.7812576294 -17.3804588318
45.8849945068 -16.3570518494
45.114399475 -18.7114326019
33.5282324219 -18.3598808899
32.4792480469 -23.0339221954
29.6671199799 -24.126871109
18.4938564301 -23.982383728
6.61334228516 -23.6551570892
5.7251701355 -31.0769062042
-10.6661987305 -30.5160369873
-22.6942443848 -29.866645813
