-0.00682830810547 0.00437211990356
6.02507781982 -0.163196086884
18.3852443695 -0.447424411774
19.3684806824 0.645064115524
20.5309085846 5.44607019424
21.6112785339 6.88508987427
30.8559265137 6.83246564865
39.3090934753 6.87474441528
48.0124015808 6.32505321503
56.6141395569 6.31864356995
66.351348877 6.61452102661
80.292427063 6.53594112396
92.9981384277 6.35231590271
106.889450073 6.32292222977
123.006584167 6.05748748779
138.42515564 5.89752101898
158.465667725 5.88642072678
175.725921631 5.24906587601
199.193222046 4.47771549225
203.446090698 1.67308557034
203.001235962 -11.3137989044
202.155715942 -25.1141700745
201.313659668 -39.1026306152
200.01789856 -53.5493469238
199.470611572 -66.9918518066
