-34.1607 26.3655		0 1 0 0
-18.9772 28.0422		0 1 0 0
-8.70253 29.6178		0 1 0 0
-6.66781 29.843			0 1 0 0
-3.75958 29.4038		0 1 0 0
-1.75783 27.9202		0 1 0 0
-1.16556 24.8191		0 1 0 0
0.257525 5.64476		0 1 0 3
-0.998727 1.80119		0 1 0 3
-3.86644 -0.0816647		0 1 0 0
-58.5563 -4.50082		0 1 0 0
-62.3552 -3.75002		0 1 0 0
-63.7864 -0.459366		0 1 0 0
-67.2464 43.4326		0 1 0 0
-66.4422 46.1724		0 1 0 0
-64.2453 47.7738		0 1 0 0
-40.13762 49.861		0 1 0 0
-7.13762 52.361			0 1 0 0
-4.35829 51.2764		0 1 0 0
-3.18286 48.4494		0 1 0 0
-2.17225 36.3365		0 1 0 0
-2.29747 33.7631		0 1 0 0
-2.85958 31.7593		0 1 0 0
-4.37682 30.6305		0 1 0 0
-6.61616 30.1923		0 1 0 0
-10.6302 29.5691		0 1 0 0
-17.1109 27.8055		0 1 0 0
-33.9404 26.2895		0 1 0 0
